123 145 178 192 256 312 478 512 689 712
845 912 1045 1123 1345 1567 1789 1987 2345 2678
2987 3123 3456 3789 4123 4567 4890 5123 5678 5890
6123 6456 6789 6987 7123 7456 7890 8123 8456 8678
8923 9123 9456 9789 1001 1102 1203 1304 1405 1506
1607 1708 1809 1901 2102 2203 2304 2405 2506 2607
2708 2809 2901 3102 3203 3304 3405 3506 3607 3708
3809 3901 4102 4203 4304 4405 4506 4607 4708 4809
4901 5102 5203 5304 5405 5506 5607 5708 5809 5901
6102 6203 6304 6405 6506 6607 6708 6809 6901 7102
7203 7304 7405 7506 7607 7708 7809 7901 8102 8203
8304 8405 8506 8607 8708 8809 8901 9102 9203 9304
9405 9506 9607 9708 9809 9901 10002 11003 12004 13005
14006 15007 16008 17009 18001 19002 21003 22004 23005 24006
25007 26008 27009 28001 29002 31003 32004 33005 34006 35007
36008 37009 38001 39002 41003 42004 43005 44006 45007 46008
47009 48001 49002 51003 52004 53005 54006 55007 56008 57009
58001 59002 61003 62004 63005 64006 65007 66008 67009 68001
69002 71003 72004 73005 74006 75007 76008 77009 78001 79002
81003 82004 83005 84006 85007 86008 87009 88001 89002 91003
92004 93005 94006 95007 96008 97009 98001 99002 -123 -456 -789
-1023 -2045 -3456 -4789 -5123 -6789 -7890 -8901 -9123 -10000 -15000 -20000
